1 19 0 
1.22963 17.4543 0.133204 
2.30519 19.3931 -1.21217 
6.00023 19.4841 -1.70851 
8.35595 16.3446 2.59796 
11.2652 17.1261 2.06717 
9.19012 18.8057 -2.45307 
5.28871 15.8776 -2.69757 
5.09227 15.7786 -0.267004 
1.69858 12.0828 -1.32171 
2.13906 14.3817 -1.32961 
5.58859 13.5793 -1.75352 
5.53131 17.1181 2.5942 
9.2905 14.191 3.11777 
9.36906 11.1565 -2.33397 
13.131 10.7507 2.07409 
15.3758 13.7367 3.057 
18.296 14.3542 1.69475 
16.0037 11.9636 0.249134 
17.9221 8.16641 -1.54427 
17.8275 4.81444 -0.0371486 
15.5743 1.61501 -0.662861 
19.0145 4.26559 -0.450939 
19 1 0 

